0.0,1.0
185.0,1.0
190.0,2.0
206.0,2.0
211.0,1.0
242.0,1.0
247.0,2.0
248.0,2.0
253.0,1.0
284.0,1.0
289.0,2.0
290.0,2.0
295.0,1.0
301.0,1.0
306.0,3.0
321.0,3.0
326.0,2.0
327.0,2.0
332.0,1.0
354.0,1.0
359.0,2.0
365.0,2.0
370.0,3.0
371.0,3.0
376.0,1.0
393.0,1.0
398.0,2.0
404.0,2.0
409.0,1.0
430.0,1.0
435.0,2.0
436.0,2.0
441.0,1.0
475.0,1.0
480.0,2.0
481.0,2.0
486.0,1.0
487.0,1.0
492.0,3.0
493.0,3.0
498.0,1.0
517.0,1.0
522.0,2.0
523.0,2.0
528.0,1.0
556.0,1.0
561.0,2.0
562.0,2.0
567.0,1.0
571.0,1.0
576.0,3.0
577.0,3.0
582.0,1.0
602.0,1.0
607.0,2.0
608.0,2.0
613.0,1.0
619.0,1.0
624.0,3.0
625.0,3.0
630.0,1.0
637.0,1.0
642.0,3.0
643.0,3.0
648.0,2.0
649.0,2.0
654.0,1.0
680.0,1.0
685.0,2.0
686.0,2.0
691.0,1.0
714.0,1.0
719.0,3.0
734.0,3.0
739.0,2.0
740.0,2.0
745.0,3.0
746.0,3.0
751.0,4.0
752.0,4.0
757.0,1.0
778.0,1.0
783.0,3.0
784.0,3.0
789.0,1.0
790.0,1.0
795.0,2.0
802.0,2.0
807.0,1.0
813.0,1.0
818.0,4.0
819.0,4.0
824.0,1.0
832.0,1.0
837.0,2.0
838.0,2.0
843.0,1.0
938.0,1.0
943.0,3.0
944.0,3.0
949.0,1.0
970.0,1.0
975.0,2.0
976.0,2.0
981.0,4.0
982.0,4.0
987.0,1.0
989.0,1.0
994.0,3.0
1014.0,3.0
1019.0,1.0
1020.0,1.0
1025.0,3.0
1026.0,3.0
1031.0,1.0
1034.0,1.0
1039.0,2.0
1044.0,2.0
1049.0,3.0
1050.0,3.0
1055.0,1.0
1062.0,1.0
1067.0,3.0
1068.0,3.0
1073.0,1.0
1081.0,1.0
1086.0,3.0
1087.0,3.0
1092.0,2.0
1097.0,2.0
1102.0,1.0
1103.0,1.0
1108.0,3.0
1109.0,3.0
1114.0,1.0
1126.0,1.0
1131.0,2.0
1132.0,2.0
1137.0,1.0
1143.0,1.0
1148.0,2.0
1152.0,2.0
1157.0,1.0
1163.0,1.0
1168.0,2.0
1169.0,2.0
1174.0,1.0
1179.0,1.0
1184.0,3.0
1185.0,3.0
1190.0,2.0
1191.0,2.0
1196.0,4.0
1197.0,4.0
1202.0,3.0
1203.0,3.0
1208.0,1.0
1214.0,1.0
1219.0,3.0
1222.0,3.0
1227.0,2.0
1228.0,2.0
1233.0,3.0
1234.0,3.0
1239.0,1.0
1259.0,1.0
1264.0,2.0
1265.0,2.0
1270.0,1.0
1298.0,1.0
1303.0,2.0
1309.0,2.0
1314.0,4.0
1315.0,4.0
1320.0,1.0
1335.0,1.0
1340.0,2.0
1341.0,2.0
1346.0,4.0
1347.0,4.0
1352.0,1.0
1372.0,1.0
1377.0,2.0
1379.0,2.0
1384.0,1.0
1408.0,1.0
1413.0,2.0
1414.0,2.0
1419.0,1.0
1432.0,1.0
1437.0,4.0
1443.0,4.0
1448.0,1.0
1453.0,1.0
1458.0,3.0
1459.0,3.0
1464.0,4.0
1465.0,4.0
1470.0,1.0
1488.0,1.0
1493.0,2.0
1494.0,2.0
1499.0,1.0
1500.0,1.0
1505.0,2.0
1511.0,2.0
1516.0,1.0
1525.0,1.0
1530.0,3.0
1531.0,3.0
1536.0,1.0
1553.0,1.0
1558.0,2.0
1560.0,2.0
1565.0,1.0
1566.0,1.0
1571.0,4.0
1572.0,4.0
1577.0,1.0
1581.0,1.0
1586.0,2.0
1587.0,2.0
1592.0,1.0
1618.0,1.0
1623.0,2.0
1624.0,2.0
1629.0,1.0
1630.0,1.0
1635.0,3.0
1636.0,3.0
1641.0,2.0
1642.0,2.0
1647.0,1.0
1652.0,1.0
1657.0,4.0
1658.0,4.0
1663.0,1.0
1673.0,1.0
1678.0,2.0
1679.0,2.0
1684.0,1.0
1690.0,1.0
1695.0,3.0
1696.0,3.0
1701.0,2.0
1702.0,2.0
1707.0,4.0
1708.0,4.0
1713.0,1.0
1714.0,1.0
1719.0,3.0
1733.0,3.0
1738.0,2.0
1739.0,2.0
1744.0,3.0
1745.0,3.0
1750.0,1.0
1769.0,1.0
1774.0,2.0
1779.0,2.0
1784.0,1.0
1820.0,1.0
1825.0,2.0
1826.0,2.0
1831.0,1.0
1857.0,1.0
1862.0,2.0
1863.0,2.0
1868.0,1.0
1870.0,1.0
1875.0,3.0
1880.0,3.0
1885.0,1.0
1887.0,1.0
1892.0,3.0
1894.0,3.0
1899.0,2.0
1903.0,2.0
1908.0,3.0
1912.0,3.0
1917.0,1.0
1972.0,1.0
1977.0,2.0
1978.0,2.0
1983.0,1.0
2009.0,1.0
2014.0,2.0
2019.0,2.0
2024.0,4.0
2025.0,4.0
2030.0,1.0
2049.0,1.0
2054.0,2.0
2055.0,2.0
2060.0,1.0
2061.0,1.0
2066.0,3.0
2067.0,3.0
2072.0,4.0
2073.0,4.0
2078.0,1.0
2112.0,1.0
2117.0,2.0
2118.0,2.0
2123.0,1.0
2131.0,1.0
2136.0,2.0
2137.0,2.0
2142.0,1.0
2176.0,1.0
2181.0,2.0
2182.0,2.0
2187.0,1.0
2216.0,1.0
2221.0,2.0
2222.0,2.0
2227.0,1.0
2248.0,1.0
2253.0,2.0
2254.0,2.0
2259.0,1.0
2260.0,1.0
2265.0,3.0
2271.0,3.0
2276.0,1.0
2309.0,1.0
2314.0,2.0
2315.0,2.0
2320.0,1.0
2334.0,1.0
2339.0,2.0
2340.0,2.0
2345.0,1.0
2362.0,1.0
2367.0,2.0
2368.0,2.0
2373.0,1.0
2424.0,1.0
2429.0,2.0
2430.0,2.0
2435.0,1.0
2436.0,1.0
2441.0,3.0
2442.0,3.0
2447.0,1.0
2464.0,1.0
2469.0,3.0
2470.0,3.0
2475.0,1.0
2477.0,1.0
2482.0,3.0
2491.0,3.0
2496.0,1.0
2506.0,1.0
2511.0,2.0
2513.0,2.0
2518.0,3.0
2519.0,3.0
2524.0,1.0
2550.0,1.0
2555.0,2.0
2556.0,2.0
2561.0,1.0
2590.0,1.0
2595.0,2.0
2596.0,2.0
2601.0,1.0
2662.0,1.0
2667.0,2.0
2668.0,2.0
2673.0,1.0
2685.0,1.0
2690.0,3.0
2692.0,3.0
2697.0,1.0
2713.0,1.0
2718.0,2.0
2719.0,2.0
2724.0,1.0
2730.0,1.0
2735.0,3.0
2736.0,3.0
2741.0,1.0
2750.0,1.0
2755.0,2.0
2756.0,2.0
2761.0,1.0
2767.0,1.0
2772.0,2.0
2773.0,2.0
2778.0,1.0
2804.0,1.0
2809.0,2.0
2810.0,2.0
2815.0,1.0
2834.0,1.0
2839.0,4.0
2845.0,4.0
2850.0,1.0
2859.0,1.0
2864.0,2.0
2865.0,2.0
2870.0,4.0
2871.0,4.0
2876.0,3.0
2877.0,3.0
2882.0,1.0
2883.0,1.0
2888.0,2.0
2889.0,2.0
2894.0,1.0
2895.0,1.0
2900.0,3.0
2901.0,3.0
2906.0,2.0
2907.0,2.0
2912.0,1.0
2938.0,1.0
2943.0,2.0
2944.0,2.0
2949.0,1.0
2975.0,1.0
2980.0,2.0
2983.0,2.0
2988.0,1.0
2992.0,1.0
2997.0,2.0
2998.0,2.0
3003.0,1.0
3004.0,1.0
3009.0,2.0
3010.0,2.0
3015.0,1.0
3041.0,1.0
3046.0,2.0
3050.0,2.0
3055.0,3.0
3070.0,3.0
3075.0,1.0
3104.0,1.0
3109.0,2.0
3115.0,2.0
3120.0,1.0
3139.0,1.0
3144.0,2.0
3150.0,2.0
3155.0,1.0
3180.0,1.0
3185.0,2.0
3186.0,2.0
3191.0,3.0
3192.0,3.0
3197.0,1.0
3199.0,1.0
3204.0,3.0
3205.0,3.0
3210.0,4.0
3211.0,4.0
3216.0,1.0
3218.0,1.0
3223.0,4.0
3224.0,4.0
3229.0,1.0
3262.0,1.0
3267.0,2.0
3279.0,2.0
3284.0,1.0
3308.0,1.0
3313.0,2.0
3332.0,2.0
3337.0,1.0
3369.0,1.0
3374.0,3.0
3375.0,3.0
3380.0,2.0
3391.0,2.0
3396.0,1.0
3422.0,1.0
3427.0,2.0
3428.0,2.0
3433.0,1.0
3439.0,1.0
3444.0,3.0
3445.0,3.0
3450.0,1.0
3498.0,1.0
3503.0,2.0
3504.0,2.0
3509.0,1.0
3551.0,1.0
3556.0,2.0
3560.0,2.0
3565.0,1.0
3590.0,1.0
3595.0,2.0
3597.0,2.0
